1.236620101928710938e+02 -9.245314598083496094e+00 0.0
1.236831893920898438e+02 -9.248528480529785156e+00 0.0
1.298148040771484375e+02 -1.022907257080078125e+01 0.0
1.333544158935546875e+02 -1.080594253540039062e+01 0.0
1.249897766113281250e+02 -9.451972961425781250e+00 0.0
1.151810760498046875e+02 -8.135872840881347656e+00 0.0
1.160536117553710938e+02 -8.232217788696289062e+00 0.0
1.215051879882812500e+02 -8.937788009643554688e+00 0.0
1.181372604370117188e+02 -8.479412078857421875e+00 0.0
1.139950256347656250e+02 -8.020734786987304688e+00 0.0
1.085424804687500000e+02 -7.578842639923095703e+00 0.0
1.112861404418945312e+02 -7.782451629638671875e+00 0.0
1.117126464843750000e+02 -7.814288139343261719e+00 0.0
1.073216552734375000e+02 -7.498377799987792969e+00 0.0
1.056466064453125000e+02 -7.411553859710693359e+00 0.0
1.066125335693359375e+02 -7.458466529846191406e+00 0.0
1.013093414306640625e+02 -7.222020149230957031e+00 0.0
1.032537994384765625e+02 -7.295031547546386719e+00 0.0
9.902873992919921875e+01 -7.145095825195312500e+00 0.0
9.797483825683593750e+01 -7.111485004425048828e+00 0.0
9.112203979492187500e+01 -6.835004806518554688e+00 0.0
9.375138092041015625e+01 -6.964276313781738281e+00 0.0
8.951538085937500000e+01 -6.752446174621582031e+00 0.0
9.547430419921875000e+01 -7.028435707092285156e+00 0.0
9.720048522949218750e+01 -7.086594104766845703e+00 0.0
8.737828063964843750e+01 -6.598981380462646484e+00 0.0
8.861945343017578125e+01 -6.691741943359375000e+00 0.0
8.352947998046875000e+01 -6.207667827606201172e+00 0.0
8.360081481933593750e+01 -6.216730117797851562e+00 0.0
8.522679138183593750e+01 -6.388447761535644531e+00 0.0
8.385462951660156250e+01 -6.248266696929931641e+00 0.0
7.904093170166015625e+01 -5.462985038757324219e+00 0.0
7.949443054199218750e+01 -5.550885200500488281e+00 0.0
8.062126159667968750e+01 -5.754673004150390625e+00 0.0
8.253945922851562500e+01 -6.064285755157470703e+00 0.0
7.710643768310546875e+01 -4.986549377441406250e+00 0.0
7.752191162109375000e+01 -5.116291999816894531e+00 0.0
7.816881561279296875e+01 -5.268517494201660156e+00 0.0
7.878607177734375000e+01 -5.412642478942871094e+00 0.0
7.606501770019531250e+01 -4.562071323394775391e+00 0.0
7.616224670410156250e+01 -4.624951839447021484e+00 0.0
7.634640502929687500e+01 -4.715453624725341797e+00 0.0
7.658514404296875000e+01 -4.820950984954833984e+00 0.0
7.662377929687500000e+01 -4.835264205932617188e+00 0.0
7.566824340820312500e+01 -4.216997623443603516e+00 0.0
7.578534698486328125e+01 -4.325709342956542969e+00 0.0
7.581623077392578125e+01 -4.362123489379882812e+00 0.0
7.584565734863281250e+01 -4.384243011474609375e+00 0.0
7.596543884277343750e+01 -4.494082927703857422e+00 0.0
7.564016723632812500e+01 -4.183707714080810547e+00 0.0
7.546219635009765625e+01 -3.883230447769165039e+00 0.0
7.547090148925781250e+01 -3.903647422790527344e+00 0.0
7.555749511718750000e+01 -4.064661026000976562e+00 0.0
7.556665802001953125e+01 -4.080474853515625000e+00 0.0
7.550129699707031250e+01 -3.966997623443603516e+00 0.0
7.561608886718750000e+01 -4.151549339294433594e+00 0.0
7.539834594726562500e+01 -3.630304813385009766e+00 0.0
7.541506195068359375e+01 -3.718144893646240234e+00 0.0
7.545118713378906250e+01 -3.853136062622070312e+00 0.0
7.543516540527343750e+01 -3.806901931762695312e+00 0.0
7.540326690673828125e+01 -3.412885665893554688e+00 0.0
7.539518737792968750e+01 -3.474485635757446289e+00 0.0
7.539607238769531250e+01 -3.543042659759521484e+00 0.0
7.548881530761718750e+01 -3.123111724853515625e+00 0.0
7.545936584472656250e+01 -3.212405204772949219e+00 0.0
7.544689941406250000e+01 -3.244884014129638672e+00 0.0
7.541778564453125000e+01 -3.325734615325927734e+00 0.0
7.544949340820312500e+01 -3.232603788375854492e+00 0.0
7.541110992431640625e+01 -3.354768037796020508e+00 0.0
7.550244140625000000e+01 -3.094603300094604492e+00 0.0
7.556446075439453125e+01 -2.991150379180908203e+00 0.0
7.554499816894531250e+01 -3.025582790374755859e+00 0.0
7.562570190429687500e+01 -2.918733119964599609e+00 0.0
7.569426727294921875e+01 -2.828394889831542969e+00 0.0
7.582347869873046875e+01 -2.722009897232055664e+00 0.0
7.580619812011718750e+01 -2.733918666839599609e+00 0.0
7.595897674560546875e+01 -2.616063356399536133e+00 0.0
7.588844299316406250e+01 -2.659476518630981445e+00 0.0
7.609616088867187500e+01 -2.519782543182373047e+00 0.0
7.677680206298828125e+01 -2.249484539031982422e+00 0.0
7.655067443847656250e+01 -2.327209234237670898e+00 0.0
7.631645965576171875e+01 -2.408524513244628906e+00 0.0
7.620895385742187500e+01 -2.462123394012451172e+00 0.0
8.926379394531250000e+01 -6.736624717712402344e+00 0.0
7.896673583984375000e+01 -1.790667772293090820e+00 0.0
7.782220458984375000e+01 -2.028392791748046875e+00 0.0
7.984614562988281250e+01 -1.663514614105224609e+00 0.0
8.473761749267578125e+01 -1.181984186172485352e+00 0.0
8.453306579589843750e+01 -1.197160243988037109e+00 0.0
8.320475769042968750e+01 -1.305083274841308594e+00 0.0
8.175708007812500000e+01 -1.429963231086730957e+00 0.0
8.102978515625000000e+01 -1.507545709609985352e+00 0.0
8.062641906738281250e+01 -1.552994966506958008e+00 0.0
9.116372680664062500e+01 -9.476131796836853027e-01 0.0
9.097431945800781250e+01 -9.484312534332275391e-01 0.0
8.880105590820312500e+01 -1.003079175949096680e+00 0.0
8.713653564453125000e+01 -1.042543411254882812e+00 0.0
8.577742004394531250e+01 -1.119446635246276855e+00 0.0
9.744715118408203125e+01 -1.141962885856628418e+00 0.0
9.703907775878906250e+01 -1.118500947952270508e+00 0.0
9.464773559570312500e+01 -1.052474021911621094e+00 0.0
9.138616943359375000e+01 -9.475894570350646973e-01 0.0
9.294477844238281250e+01 -9.693305492401123047e-01 0.0
9.768685150146484375e+01 -1.157382249832153320e+00 0.0
1.033322372436523438e+02 -1.706593513488769531e+00 0.0
1.019408569335937500e+02 -1.536321759223937988e+00 0.0
9.968209838867187500e+01 -1.332237005233764648e+00 0.0
9.780216979980468750e+01 -1.165230989456176758e+00 0.0
1.090425643920898438e+02 -2.589565277099609375e+00 0.0
1.070088653564453125e+02 -2.228125095367431641e+00 0.0
1.064240722656250000e+02 -2.138623714447021484e+00 0.0
1.050023193359375000e+02 -1.924543738365173340e+00 0.0
1.044601135253906250e+02 -1.847635269165039062e+00 0.0
1.177475967407226562e+02 -4.452151298522949219e+00 0.0
1.174762420654296875e+02 -4.385704517364501953e+00 0.0
1.133290100097656250e+02 -3.436087608337402344e+00 0.0
1.122708892822265625e+02 -3.204437255859375000e+00 0.0
1.159954528808593750e+02 -4.034930706024169922e+00 0.0
1.113267669677734375e+02 -3.012453556060791016e+00 0.0
1.107815093994140625e+02 -2.903335094451904297e+00 0.0
1.269629516601562500e+02 -6.948916912078857422e+00 0.0
1.248510131835937500e+02 -6.351647377014160156e+00 0.0
1.194255371093750000e+02 -4.882521629333496094e+00 0.0
1.219212722778320312e+02 -5.533635139465332031e+00 0.0
1.333417816162109375e+02 -8.845508575439453125e+00 0.0
1.332984313964843750e+02 -8.832403182983398438e+00 0.0
1.311941986083984375e+02 -8.202077865600585938e+00 0.0
1.290319213867187500e+02 -7.556354522705078125e+00 0.0
1.277394409179687500e+02 -7.176253318786621094e+00 0.0
1.339001770019531250e+02 -9.017547607421875000e+00 0.0
1.342044830322265625e+02 -9.135097503662109375e+00 0.0
1.341028442382812500e+02 -9.089830398559570312e+00 0.0
1.343715515136718750e+02 -9.232658386230468750e+00 0.0
1.342702636718750000e+02 -9.168311119079589844e+00 0.0
1.344408264160156250e+02 -9.277595520019531250e+00 0.0
1.346028594970703125e+02 -9.433708190917968750e+00 0.0
1.345619201660156250e+02 -9.394438743591308594e+00 0.0
1.345219421386718750e+02 -9.348251342773437500e+00 0.0
1.344943695068359375e+02 -9.325944900512695312e+00 0.0
1.346368408203125000e+02 -9.473624229431152344e+00 0.0
1.347671966552734375e+02 -9.698968887329101562e+00 0.0
1.347531127929687500e+02 -9.666532516479492188e+00 0.0
1.347179412841796875e+02 -9.599698066711425781e+00 0.0
1.346869506835937500e+02 -9.544832229614257812e+00 0.0
1.346597595214843750e+02 -9.505907058715820312e+00 0.0
1.348074951171875000e+02 -9.824892044067382812e+00 0.0
1.347824096679687500e+02 -9.746015548706054688e+00 0.0
1.348177795410156250e+02 -9.880228996276855469e+00 0.0
1.348243103027343750e+02 -9.922213554382324219e+00 0.0
1.348268127441406250e+02 -1.001517200469970703e+01 0.0
1.348253784179687500e+02 -9.995933532714843750e+00 0.0
1.348232116699218750e+02 -1.004408645629882812e+01 0.0
1.348195495605468750e+02 -1.011753654479980469e+01 0.0
1.348017425537109375e+02 -1.019953536987304688e+01 0.0
1.348141021728515625e+02 -1.014465713500976562e+01 0.0
1.347761230468750000e+02 -1.027352619171142578e+01 0.0
1.347542724609375000e+02 -1.033000946044921875e+01 0.0
1.346567382812500000e+02 -1.048939800262451172e+01 0.0
1.346874389648437500e+02 -1.044008827209472656e+01 0.0
1.347160644531250000e+02 -1.040088367462158203e+01 0.0
1.347247009277343750e+02 -1.038373184204101562e+01 0.0
1.346402130126953125e+02 -1.051091003417968750e+01 0.0
1.344541931152343750e+02 -1.068189239501953125e+01 0.0
1.344737548828125000e+02 -1.066802024841308594e+01 0.0
1.345216064453125000e+02 -1.062905216217041016e+01 0.0
1.345747680664062500e+02 -1.058218193054199219e+01 0.0
1.346153869628906250e+02 -1.053879451751708984e+01 0.0
1.342550964355468750e+02 -1.078210258483886719e+01 0.0
1.343258666992187500e+02 -1.075503921508789062e+01 0.0
1.343910522460937500e+02 -1.071901512145996094e+01 0.0
1.344450683593750000e+02 -1.068816471099853516e+01 0.0
1.339526214599609375e+02 -1.084783935546875000e+01 0.0
1.339725952148437500e+02 -1.084615898132324219e+01 0.0
1.340822906494140625e+02 -1.082616138458251953e+01 0.0
1.341908874511718750e+02 -1.080535030364990234e+01 0.0
1.335690612792968750e+02 -1.082904052734375000e+01 0.0
1.338132629394531250e+02 -1.085238456726074219e+01 0.0
1.339048461914062500e+02 -1.084966659545898438e+01 0.0
